Windows Registry Editor Version 5.00

; Testing on Windows 10 Pro x64 Build 22H2 19045

[HKEY_LOCAL_MACHINE\System\ControlSet001\Control\Session Manager\Power]
"SystemPowerPolicy"=hex(3):01,00,00,00,06,00,00,00,00,00,00,00,00,00,00,00,\
03,00,00,00,00,00,00,00,00,00,00,00,03,00,00,00,00,00,00,00,00,00,00,00,01,\
00,00,00,00,00,00,00,00,00,00,00,00,00,00,00,00,00,00,00,08,07,00,00,5A,00,\
00,00,01,00,00,00,01,00,00,00,01,00,00,00,01,00,00,00,00,00,00,00,00,00,00,\
00,01,00,00,00,01,00,00,00,05,00,00,00,03,00,00,00,00,00,00,00,01,00,00,00,\
01,00,00,00,00,00,00,00,0A,00,00,00,00,00,00,00,00,00,00,00,01,00,00,00,01,\
00,00,00,00,00,00,00,00,00,00,00,00,00,00,00,00,00,00,00,00,00,00,00,01,00,\
00,00,00,00,00,00,00,00,00,00,00,00,00,00,00,00,00,00,00,00,00,00,01,00,00,\
00,10,0E,00,00,00,00,00,00,00,00,00,00,00,00,00,00,00,00,00,00,B0,04,00,00,\
00,00,00,00,00,00,00,00,00,00,00,00,00,00,00,00

[HKEY_LOCAL_MACHINE\System\ControlSet001\Control\Power\User\PowerSchemes\381b4222-f694-41f0-9685-ff5bb260df2e\7516b95f-f776-4464-8c53-06167f40cc99\3c0bc021-c8a8-4e07-a973-6b14cbcb2b7e]
"ACSettingIndex"=dword:00000e10
